0: 42, 48, 54, 59, 85, 87
1: 3, 8, 14, 19, 20, 21, 29, 49, 51, 75, 92
2: 5, 6, 26, 32, 57, 83
3: 27, 41, 51, 64, 68
4: 9, 13, 19, 20, 28, 48, 53, 73, 74
5: 35, 51, 74, 83, 89, 91, 95, 97
6: 10, 14, 17, 33, 56, 67, 68, 95
7: 10, 13, 18, 28, 34, 38, 39, 43, 50, 68, 74, 96, 98
8: 14, 42, 43, 47, 53, 64, 70, 89, 91, 93, 96, 97
9: 14, 29, 40, 51, 60, 67, 71, 94, 98
10: 17, 20, 30, 53, 70, 79, 84, 89, 93, 99
11: 23, 27, 32, 39, 43, 47, 49, 59, 93
12: 17, 18, 33, 34, 37, 56, 73, 75, 81, 94, 97
13: 14, 17, 22, 33, 34, 36, 53, 54, 69, 83, 87, 89
14: 31, 41, 57, 80, 90
15: 23, 32, 35, 46, 58, 65, 78, 82, 97
16: 18, 55, 61, 81
17: 18, 31, 57, 60, 61, 64, 81
18: 24, 47, 49, 78, 84, 86, 87, 89, 91
19: 24, 39, 41, 45, 63, 67, 79, 80, 84, 95, 98
20: 29, 31, 32, 34, 36, 50, 60, 64, 71, 85, 91
21: 34, 48, 65, 71, 75
22: 26, 61, 67, 99
23: 34, 37, 47, 49, 54, 55, 77
24: 25, 41, 52, 53, 61, 64, 77, 94
25: 32, 38, 45, 49, 50, 60, 63, 67, 70, 78, 96
26: 33, 34, 38, 40, 49, 61, 68, 93, 97
27: 52, 55, 62, 64, 75, 80, 84, 86, 91, 97
28: 30, 38, 42, 45, 47, 50, 70, 97
29: 39, 54, 82, 90, 93
30: 32, 36, 51, 58, 64, 98
31: 36, 64, 82
32: 45, 47, 49, 50, 53, 55, 69, 72, 77
33: 46, 48, 57, 67, 73, 82, 88, 89
34: 46, 50, 51, 56, 71, 72, 78, 96
35: 37, 56, 72, 77, 88
36: 38, 41, 46, 50, 64, 75, 78, 91, 93, 94
37: 50, 54, 65, 90, 95
38: 41, 57, 60, 73, 98
39: 72, 78, 84, 87, 93
40: 52, 57, 65, 81, 90, 98
41: 65, 66, 68, 70, 71, 79
42: 61, 72, 75, 83, 97, 99
43: 64, 74, 86, 88
44: 54
45: 49, 61, 69, 79, 82, 83, 86, 87
46: 54, 64
47: 53, 58, 60, 63, 70
48: 57, 69, 72, 77, 97
49: 50, 68, 69, 81, 89
50: 56, 58, 67, 68, 72, 81, 95, 96
51: 56, 61, 92, 93, 98
52: 83, 88, 96
53: 57, 62, 71, 87, 89, 91, 92, 94
54: 57, 70, 77
55: 56, 64, 68, 82, 89, 99
56: 58, 63, 67, 70, 72, 74, 75, 79
57: 58, 71, 73, 91
58: 80, 92
59: 74, 76, 88, 92
60: 63, 65, 83
61: 79, 87, 95
62: 72, 87
63: 76, 81, 83, 88, 92, 93
64: 66, 71, 80, 87
65: 70, 81, 89
66: 73, 75, 82, 85, 93
67: 70, 93, 94
68: 73, 80
70: 85, 86, 93, 94
71: 76, 96
72: 90
73: 75, 83
74: 88, 97, 99
75: 82, 98
76: 80, 83, 84, 88, 96, 98
77: 86
79: 87, 97, 98
80: 81, 85
81: 86, 87
82: 84, 88
83: 92
84: 91, 99
85: 91, 99
86: 89, 91
87: 97
88: 90
89: 98
93: 94
94: 99
