0: 1, 2, 3, 5, 6, 8, 9, 13, 14, 15, 20, 22, 23, 26, 27, 28, 29, 32, 33, 35, 36, 40, 48, 51, 52, 57, 58, 59, 60, 63, 65, 67, 74, 75, 79, 82, 83, 84, 89, 91, 98, 99
1: 4, 6, 8, 9, 14, 15, 17, 19, 20, 24, 25, 26, 28, 29, 30, 34, 35, 37, 41, 43, 44, 45, 47, 51, 53, 55, 59, 60, 61, 63, 64, 66, 69, 73, 74, 75, 77, 79, 80, 81, 85, 86, 87, 90, 92, 93, 94, 95, 96
2: 3, 5, 6, 8, 10, 12, 15, 20, 21, 22, 23, 27, 29, 30, 33, 35, 36, 37, 38, 41, 43, 47, 48, 50, 51, 54, 56, 57, 58, 65, 70, 73, 76, 78, 79, 82, 86, 90, 92, 94, 95, 96, 99
3: 6, 7, 8, 9, 11, 14, 18, 22, 24, 26, 34, 35, 36, 43, 50, 51, 52, 56, 61, 62, 63, 64, 66, 68, 70, 72, 73, 75, 77, 82, 84, 85, 86, 87, 89, 92, 94, 96, 98
4: 9, 11, 13, 14, 15, 16, 18, 20, 21, 23, 25, 27, 29, 40, 44, 46, 47, 49, 52, 54, 58, 64, 66, 70, 74, 76, 82, 84, 86, 88, 89, 94, 95, 96, 98
5: 16, 17, 23, 24, 25, 27, 28, 29, 34, 37, 38, 40, 41, 43, 48, 50, 54, 58, 61, 62, 63, 65, 69, 73, 74, 76, 79, 81, 83, 87, 88, 89, 91, 95, 96, 98, 99
6: 7, 8, 11, 12, 13, 16, 20, 21, 25, 26, 29, 30, 31, 32, 36, 38, 39, 40, 41, 43, 44, 45, 46, 47, 49, 52, 53, 54, 57, 60, 62, 64, 65, 67, 69, 71, 72, 74, 75, 78, 79, 82, 83, 86, 88, 90, 94, 99
7: 10, 11, 12, 13, 14, 16, 17, 20, 23, 25, 30, 32, 34, 35, 37, 39, 40, 41, 42, 51, 53, 54, 55, 57, 63, 64, 66, 67, 69, 72, 73, 75, 78, 79, 80, 83, 89, 98
8: 11, 14, 18, 20, 22, 23, 24, 25, 26, 27, 30, 34, 35, 40, 47, 54, 62, 63, 65, 69, 70, 71, 77, 78, 80, 81, 87, 88, 91, 92, 95, 97
9: 10, 13, 18, 19, 21, 25, 27, 29, 31, 32, 34, 35, 36, 44, 45, 47, 49, 51, 52, 54, 57, 59, 60, 62, 64, 65, 67, 70, 71, 74, 75, 77, 82, 87, 88, 92, 97
10: 12, 14, 15, 16, 18, 20, 21, 28, 31, 33, 35, 36, 37, 38, 40, 43, 44, 47, 48, 60, 62, 64, 66, 74, 77, 78, 79, 80, 84, 87, 88, 89, 90, 92, 93, 94, 95, 98, 99
11: 12, 15, 17, 18, 22, 23, 24, 25, 28, 30, 31, 33, 38, 39, 43, 46, 47, 51, 57, 59, 61, 68, 69, 70, 76, 78, 80, 85, 88, 94, 95, 96, 98
12: 18, 20, 29, 32, 33, 37, 41, 44, 46, 47, 49, 50, 51, 53, 55, 59, 60, 63, 64, 65, 67, 68, 71, 72, 73, 74, 75, 77, 79, 82, 85, 87, 91, 94, 97, 99
13: 15, 17, 20, 22, 23, 29, 30, 35, 36, 37, 40, 44, 45, 50, 53, 54, 59, 61, 67, 68, 69, 71, 73, 77, 79, 81, 82, 83, 84, 89, 90, 94, 95, 96, 97, 98
14: 15, 17, 20, 22, 24, 27, 35, 38, 39, 45, 46, 48, 53, 54, 55, 56, 57, 58, 60, 62, 65, 66, 68, 70, 74, 76, 77, 78, 82, 85, 87, 88, 90, 93, 95
15: 21, 23, 25, 26, 27, 28, 30, 33, 37, 38, 39, 40, 41, 43, 44, 45, 47, 50, 52, 53, 56, 60, 70, 71, 77, 78, 80, 82, 84, 85, 88, 94, 95, 96, 99
16: 17, 18, 19, 28, 29, 30, 31, 36, 37, 39, 40, 46, 49, 50, 52, 54, 57, 58, 60, 61, 63, 64, 65, 66, 71, 72, 75, 84, 87, 90, 91, 96, 99
17: 18, 19, 20, 21, 25, 26, 32, 34, 35, 38, 40, 42, 44, 45, 47, 50, 55, 56, 58, 59, 61, 65, 66, 68, 69, 70, 74, 76, 79, 80, 85, 86, 88, 89, 90, 92, 96, 99
18: 22, 23, 25, 26, 30, 31, 37, 39, 42, 45, 47, 49, 52, 53, 58, 59, 60, 61, 64, 65, 72, 73, 74, 75, 77, 79, 80, 83, 84, 87, 90, 94, 95, 96, 98
19: 22, 24, 25, 32, 37, 38, 39, 40, 46, 47, 49, 50, 52, 53, 56, 57, 58, 59, 60, 65, 67, 71, 74, 76, 81, 82, 85, 90, 92, 95, 96, 98, 99
20: 27, 28, 29, 30, 31, 33, 34, 39, 40, 41, 42, 43, 44, 45, 47, 49, 50, 53, 54, 55, 56, 57, 58, 59, 60, 65, 67, 68, 71, 74, 75, 77, 78, 80, 82, 85, 86, 92, 94, 99
21: 22, 27, 29, 30, 32, 39, 40, 44, 45, 46, 47, 49, 50, 52, 57, 65, 67, 68, 73, 76, 77, 78, 80, 82, 83, 86, 87, 89, 90, 92, 93, 96, 99
22: 25, 27, 28, 30, 31, 32, 34, 35, 37, 38, 39, 40, 44, 45, 50, 58, 61, 64, 66, 67, 68, 69, 71, 76, 77, 81, 83, 85, 89, 90, 97, 99
23: 25, 26, 32, 34, 36, 38, 39, 41, 45, 46, 49, 50, 56, 59, 65, 73, 75, 76, 77, 78, 81, 86, 89, 91, 92, 94, 99
24: 27, 28, 32, 34, 35, 36, 37, 40, 41, 44, 47, 48, 49, 50, 52, 53, 54, 55, 58, 60, 63, 64, 65, 66, 67, 73, 75, 76, 79, 80, 82, 83, 86, 88, 90, 96
25: 27, 29, 35, 39, 41, 44, 45, 46, 52, 53, 56, 60, 63, 64, 67, 73, 77, 78, 80, 86, 93, 95, 98
26: 27, 30, 31, 36, 38, 42, 45, 50, 51, 54, 59, 64, 66, 67, 72, 74, 77, 79, 81, 82, 85, 88, 90, 93, 94, 95, 96
27: 29, 30, 31, 34, 35, 36, 37, 40, 41, 43, 44, 46, 47, 48, 54, 57, 60, 61, 62, 63, 64, 68, 72, 76, 79, 86, 90, 94, 95, 96, 97, 98, 99
28: 30, 31, 32, 33, 36, 39, 41, 42, 43, 49, 51, 54, 56, 58, 64, 67, 68, 71, 76, 82, 86, 88, 89, 91, 92, 93, 96, 99
29: 30, 33, 36, 39, 40, 41, 49, 52, 53, 54, 55, 57, 59, 60, 61, 62, 63, 66, 71, 72, 73, 75, 78, 79, 83, 86, 88, 92, 98
30: 36, 43, 44, 45, 46, 48, 52, 55, 56, 60, 62, 67, 68, 69, 70, 71, 74, 80, 84, 87, 90, 91, 93, 95, 99
31: 32, 33, 34, 37, 41, 42, 47, 48, 50, 51, 52, 54, 56, 59, 60, 64, 68, 70, 71, 72, 75, 76, 80, 83, 84, 86, 91, 95, 96, 98
32: 33, 35, 36, 38, 46, 48, 49, 52, 54, 56, 58, 61, 63, 64, 65, 67, 68, 70, 76, 78, 79, 82, 83, 86, 90, 92, 94, 95, 96, 97, 99
33: 34, 35, 37, 38, 40, 41, 42, 43, 44, 50, 55, 57, 58, 63, 64, 68, 69, 70, 73, 75, 80, 88, 89, 92, 95, 97, 98, 99
34: 37, 39, 42, 43, 48, 50, 52, 53, 56, 57, 62, 82, 84, 87, 90, 91, 92, 94, 96, 99
35: 37, 38, 39, 42, 43, 45, 47, 49, 52, 54, 55, 59, 60, 62, 65, 67, 68, 73, 77, 80, 82, 86, 89
36: 37, 38, 52, 54, 57, 60, 61, 62, 63, 65, 66, 72, 77, 78, 79, 81, 82, 85, 87, 90, 91, 93, 94, 99
37: 39, 41, 44, 47, 48, 49, 51, 52, 54, 56, 59, 61, 63, 64, 69, 72, 74, 78, 81, 87, 89, 91, 92
38: 39, 41, 43, 45, 47, 50, 54, 56, 57, 59, 64, 71, 73, 76, 78, 81, 82, 83, 84, 85, 89, 90, 91, 96, 98, 99
39: 42, 45, 46, 49, 51, 52, 54, 55, 56, 60, 64, 71, 72, 73, 75, 76, 79, 80, 81, 83, 84, 86, 90, 95, 98, 99
40: 44, 46, 51, 53, 56, 60, 64, 67, 68, 76, 77, 81, 90, 91, 92, 93, 96, 97, 98, 99
41: 44, 46, 47, 48, 49, 51, 54, 55, 59, 62, 65, 69, 72, 73, 76, 78, 80, 82, 83, 84, 85, 87, 95, 97
42: 44, 47, 51, 54, 55, 57, 58, 59, 63, 64, 67, 68, 69, 72, 78, 79, 80, 84, 85, 86, 87, 93, 94, 95, 96, 97
43: 44, 47, 48, 49, 55, 59, 60, 62, 63, 66, 67, 70, 73, 74, 75, 79, 80, 82, 83, 87, 88, 95, 97, 98, 99
44: 47, 53, 56, 57, 59, 63, 65, 66, 69, 71, 80, 81, 85, 89, 91, 95, 96
45: 47, 48, 50, 51, 52, 56, 58, 62, 63, 64, 69, 72, 75, 77, 79, 80, 83, 87, 88, 89, 90, 91, 94, 95, 96, 99
46: 47, 49, 52, 53, 59, 60, 61, 64, 67, 70, 71, 77, 78, 82, 83, 84, 86, 88, 91, 93, 95, 96, 97, 99
47: 51, 52, 60, 61, 63, 66, 71, 72, 81, 87, 88, 90, 91, 92, 98
48: 53, 55, 56, 59, 63, 65, 67, 69, 70, 73, 74, 78, 83, 84, 85, 93, 98
49: 51, 52, 53, 55, 56, 57, 65, 67, 75, 76, 77, 80, 82, 84, 87, 93, 96, 98
50: 53, 54, 55, 56, 57, 58, 60, 62, 64, 66, 67, 69, 71, 73, 76, 77, 79, 85, 88, 90, 91, 96, 97, 99
51: 52, 56, 61, 65, 66, 69, 70, 72, 74, 82, 84, 85, 86, 94
52: 55, 57, 58, 62, 65, 68, 69, 73, 74, 75, 76, 78, 85, 87, 90, 91, 92, 95, 97
53: 59, 61, 62, 63, 65, 66, 69, 74, 75, 79, 88, 94, 98, 99
54: 55, 56, 57, 60, 62, 64, 69, 70, 71, 72, 73, 74, 75, 77, 81, 86, 87, 88, 94, 96
55: 56, 59, 67, 69, 70, 74, 77, 78, 79, 80, 82, 86, 87, 94
56: 58, 60, 63, 65, 66, 68, 69, 72, 74, 75, 77, 78, 79, 80, 81, 82, 86, 87, 90, 95, 96
57: 59, 60, 63, 64, 73, 75, 80, 82, 85, 92, 94, 96, 97, 98
58: 60, 62, 63, 64, 66, 69, 72, 74, 76, 77, 81, 85, 95, 97, 98
59: 60, 62, 63, 67, 72, 76, 79, 81, 82, 86, 87, 89, 90, 95, 96, 97
60: 66, 67, 69, 70, 71, 73, 74, 75, 77, 79, 82, 85, 87, 88, 89, 90, 91, 93, 96
61: 64, 66, 69, 70, 73, 78, 79, 80, 81, 82, 84, 86, 92, 97, 98
62: 64, 65, 66, 71, 72, 74, 75, 79, 83, 84, 85, 88, 90, 96, 98
63: 64, 76, 77, 80, 81, 82, 83, 86, 87, 89, 91, 97, 99
64: 67, 68, 70, 71, 72, 73, 76, 77, 81, 83, 86, 90, 91, 94, 96, 97, 98
65: 66, 70, 71, 75, 79, 80, 81, 83, 85, 89, 91, 92, 94, 96, 97, 98
66: 67, 71, 72, 73, 75, 80, 81, 85, 87, 88, 90, 91, 92, 93, 94, 95, 97, 98
67: 68, 70, 71, 72, 73, 75, 76, 78, 80, 81, 91, 92, 98
68: 72, 75, 77, 79, 81, 90, 91, 96, 97
69: 74, 76, 79, 81, 83, 87, 91, 92, 93
70: 71, 74, 75, 76, 78, 80, 81, 83, 84, 85, 88, 89, 90, 91, 92, 97, 98
71: 72, 76, 81, 82, 84, 89, 92, 97, 99
72: 74, 78, 79, 85, 90, 92, 93, 96, 97, 98
73: 74, 76, 81, 85, 89, 90, 91, 92, 95, 97, 98
74: 75, 80, 81, 86, 87, 89, 92, 94, 95, 99
75: 76, 77, 80, 82, 85, 86, 87, 92, 96
76: 79, 80, 82, 84, 85, 86, 87, 91, 93, 98
77: 78, 79, 80, 81, 82, 84, 88, 90, 95, 96
78: 81, 84, 87, 96, 98
79: 80, 82, 84, 85, 86, 87, 89, 90, 92, 98
80: 82, 86, 88, 89, 98
81: 86, 88, 90, 94, 95, 96, 98, 99
82: 83, 84, 85, 87, 88, 92, 93
83: 85, 87, 88, 89, 90, 92, 94
84: 88, 90, 93, 96, 97
85: 87, 92, 93, 95, 98
86: 89, 96
87: 88, 89, 91, 98
88: 89, 92, 94, 99
89: 90, 96, 97, 99
90: 91, 92, 93, 95, 96
91: 96, 97, 99
92: 93, 96, 98
93: 95, 96, 99
94: 96
95: 97, 98, 99
97: 99
98: 99
